
211.092600 2.319400 0.640000 0.000000

210.577800 2.341200 0.640000 0.002000

210.052600 2.342400 0.640000 0.004000

209.547800 2.332400 0.640000 0.006000

209.055400 2.351800 0.640000 0.008000

208.610200 2.354600 0.640000 0.010000

208.119600 2.362000 0.640000 0.012000

207.649800 2.362800 0.640000 0.014000

207.187400 2.392600 0.640000 0.016000

206.741400 2.395400 0.640000 0.018000

206.251400 2.363000 0.640000 0.020000

205.779600 2.380600 0.640000 0.022000

205.415000 2.391000 0.640000 0.024000

204.971400 2.385000 0.640000 0.026000

204.490000 2.394200 0.640000 0.028000

204.063400 2.389800 0.640000 0.030000

203.491600 2.386200 0.640000 0.032000

202.937400 2.426000 0.640000 0.034000

202.469800 2.421200 0.640000 0.036000

202.080600 2.456200 0.640000 0.038000

201.625000 2.410000 0.640000 0.040000

200.964200 2.470600 0.640000 0.042000

200.274000 2.515200 0.640000 0.044000

199.802200 2.497200 0.640000 0.046000

199.331200 2.499200 0.640000 0.048000

198.567800 2.523800 0.640000 0.050000

198.210200 2.519200 0.640000 0.052000

197.521600 2.529600 0.640000 0.054000

197.011800 2.558800 0.640000 0.056000

196.367400 2.539400 0.640000 0.058000

195.798200 2.548800 0.640000 0.060000

195.135000 2.551600 0.640000 0.062000

194.343800 2.538600 0.640000 0.064000

193.529000 2.627000 0.640000 0.066000

192.865600 2.607000 0.640000 0.068000

192.238000 2.627400 0.640000 0.070000

191.518600 2.667200 0.640000 0.072000

190.868400 2.654000 0.640000 0.074000

190.163800 2.673400 0.640000 0.076000

189.316200 2.641000 0.640000 0.078000

188.666800 2.700200 0.640000 0.080000

187.869200 2.682600 0.640000 0.082000

186.869800 2.749600 0.640000 0.084000

186.119600 2.749400 0.640000 0.086000

185.287400 2.736000 0.640000 0.088000

184.135200 2.763200 0.640000 0.090000

183.497400 2.785200 0.640000 0.092000

182.397000 2.827600 0.640000 0.094000

181.437200 2.858000 0.640000 0.096000

180.284600 2.851400 0.640000 0.098000

179.684600 2.860400 0.640000 0.100000

177.958400 2.921800 0.640000 0.102000

177.386200 2.959200 0.640000 0.104000

176.261800 2.918000 0.640000 0.106000

174.739000 2.970400 0.640000 0.108000

173.585600 3.007800 0.640000 0.110000

171.838400 3.055800 0.640000 0.112000

170.988200 3.030200 0.640000 0.114000

169.665800 3.116000 0.640000 0.116000

168.111600 3.170400 0.640000 0.118000

166.719000 3.207400 0.640000 0.120000

165.147600 3.278800 0.640000 0.122000

163.533400 3.283800 0.640000 0.124000

162.005800 3.356800 0.640000 0.126000

160.323200 3.349600 0.640000 0.128000

158.662600 3.385800 0.640000 0.130000

157.522000 3.445000 0.640000 0.132000

155.162600 3.456400 0.640000 0.134000

153.642800 3.570400 0.640000 0.136000

151.313600 3.581200 0.640000 0.138000

150.413800 3.607200 0.640000 0.140000

147.587600 3.771600 0.640000 0.142000

145.018400 3.865800 0.640000 0.144000

143.336200 3.888600 0.640000 0.146000

140.263400 4.033200 0.640000 0.148000

137.258200 4.235000 0.640000 0.150000

134.594400 4.263600 0.640000 0.152000

131.113000 4.449400 0.640000 0.154000

129.160400 4.499600 0.640000 0.156000

123.055400 4.880200 0.640000 0.158000

117.971200 5.116400 0.640000 0.160000

112.507600 5.307400 0.640000 0.162000

104.402400 5.554800 0.640000 0.164000

95.639200 6.259000 0.640000 0.166000

84.978400 6.617200 0.640000 0.168000

77.818600 7.185800 0.640000 0.170000

62.275400 7.348000 0.640000 0.172000

47.527600 8.097400 0.640000 0.174000

37.084400 7.672600 0.640000 0.176000

32.325000 7.460800 0.640000 0.178000

24.249000 6.933200 0.640000 0.180000

20.581200 6.449000 0.640000 0.182000

16.528400 5.502400 0.640000 0.184000

14.525000 5.074200 0.640000 0.186000

12.153800 4.722800 0.640000 0.188000

10.414200 4.116000 0.640000 0.190000

8.791000 3.652800 0.640000 0.192000

7.855000 3.373000 0.640000 0.194000

6.977400 3.046200 0.640000 0.196000

6.269400 2.786200 0.640000 0.198000

5.807400 2.602200 0.640000 0.200000

5.567800 2.523400 0.640000 0.202000

4.734800 2.148600 0.640000 0.204000

4.182800 1.897800 0.640000 0.206000

4.024600 1.873200 0.640000 0.208000

3.967000 1.851000 0.640000 0.210000

3.579600 1.682200 0.640000 0.212000

3.475600 1.611200 0.640000 0.214000

3.209800 1.507200 0.640000 0.216000

3.312400 1.479800 0.640000 0.218000

3.142400 1.367800 0.640000 0.220000

2.781600 1.226600 0.640000 0.222000

2.157200 0.992200 0.640000 0.224000

2.133800 0.969600 0.640000 0.226000

2.063600 0.948800 0.640000 0.228000

1.981800 0.916200 0.640000 0.230000

1.949800 0.904000 0.640000 0.232000

1.899400 0.874000 0.640000 0.234000

1.800000 0.833000 0.640000 0.236000

1.770800 0.818400 0.640000 0.238000

1.747800 0.815800 0.670000 0.240000

215.416200 2.271000 0.670000 0.002000

214.947400 2.259400 0.670000 0.004000

